County Aged Blind Disabled Children Parents Other NonTraditional Adult_Group Total_Enrollment Pre_Katrina_Enrollment Net_Change_in_Enrollment_Post_Katrina Change_in_Enrollment_Post_Katrina FP Buy_In  Children Parents
Acadia 1,009 26 2,350 10,865 1,560 1,950 0 6,845 24,605 15,764 8,841 56.08% 0.00% 7.93% 44.16% 6.34%
Allen 383 9 682 3,754 619 720 1 2,109 8,277 6,070 2,207 36.36% 0.01% 8.70% 45.35% 7.48%
Ascension 681 11 2,066 13,817 2,101 1,676 1 7,089 27,442 13,681 13,761 100.58% 0.00% 6.11% 50.35% 7.66%
Assumption 304 9 842 2,738 488 698 0 1,955 7,034 5,444 1,590 29.21% 0.00% 9.92% 38.93% 6.94%
Avoyelles 1,090 22 2,215 7,196 1,095 1,699 0 4,637 17,954 12,675 5,279 41.65% 0.00% 9.46% 40.08% 6.10%
Beauregard 324 10 1,049 5,579 903 907 0 3,192 11,964 6,451 5,513 85.46% 0.00% 7.58% 46.63% 7.55%
Bienville 346 14 712 2,384 382 516 0 1,682 6,036 4,001 2,035 50.86% 0.00% 8.55% 39.50% 6.33%
Bossier 1,013 29 3,466 15,182 2,095 1,961 0 8,646 32,392 16,230 16,162 99.58% 0.00% 6.05% 46.87% 6.47%
Caddo 3,770 120 13,085 39,750 5,546 6,696 2 25,709 94,678 57,777 36,901 63.87% 0.00% 7.07% 41.98% 5.86%
Calcasieu 1,837 57 6,294 30,860 4,622 4,398 2 18,494 66,564 37,211 29,353 78.88% 0.00% 6.61% 46.36% 6.94%
Caldwell 202 2 476 1,825 342 359 0 1,319 4,525 2,637 1,888 71.60% 0.00% 7.93% 40.33% 7.56%
Cameron 26 0 58 406 79 75 0 289 933 1,313 -380 -28.94% 0.00% 8.04% 43.52% 8.47%
Catahoula 183 11 476 1,675 296 416 0 1,276 4,333 2,888 1,445 50.03% 0.00% 9.60% 38.66% 6.83%
Claiborne 329 7 726 2,091 301 473 0 1,568 5,495 4,129 1,366 33.08% 0.00% 8.61% 38.05% 5.48%
Concordia 365 10 1,097 3,810 648 668 0 2,429 9,027 5,764 3,263 56.61% 0.00% 7.40% 42.21% 7.18%
DeSoto 432 19 1,100 4,213 608 777 0 2,730 9,879 5,740 4,139 72.11% 0.00% 7.87% 42.65% 6.15%
EastFeliciana 359 5 923 2,742 426 550 0 2,032 7,037 4,251 2,786 65.54% 0.00% 7.82% 38.97% 6.05%
East_Carroll 230 6 494 1,679 204 293 0 1,190 4,096 3,574 522 14.61% 0.00% 7.15% 40.99% 4.98%
East_Baton_Rouge 4,617 143 14,026 62,031 9,143 9,312 2 38,790 138,064 80,711 57,353 71.06% 0.00% 6.74% 44.93% 6.62%
Evangeline 816 15 1,832 6,013 941 1,256 0 3,796 14,669 11,404 3,265 28.63% 0.00% 8.56% 40.99% 6.41%
Franklin 562 13 1,076 4,070 574 740 3 3,021 10,059 6,668 3,391 50.85% 0.03% 7.36% 40.46% 5.71%
Grant 262 11 728 3,230 568 574 0 1,899 7,272 4,614 2,658 57.61% 0.00% 7.89% 44.42% 7.81%
Iberia 968 30 3,169 13,580 2,180 2,048 0 8,865 30,840 18,990 11,850 62.40% 0.00% 6.64% 44.03% 7.07%
Iberville 502 10 1,272 5,341 873 978 0 3,403 12,379 8,343 4,036 48.38% 0.00% 7.90% 43.15% 7.05%
Jackson 295 7 614 2,441 366 424 0 1,757 5,904 3,380 2,524 74.67% 0.00% 7.18% 41.34% 6.20%
Jeff_Davis 406 11 1,006 5,039 782 935 0 3,073 11,252 7,373 3,879 52.61% 0.00% 8.31% 44.78% 6.95%
Jefferson 2,535 42 8,498 37,860 5,614 6,035 1 27,541 88,126 51,748 36,378 70.30% 0.00% 6.85% 42.96% 6.37%
Jefferson_east 2,051 30 4,081 26,588 3,620 4,945 1 19,279 60,595 31,353 29,242 93.27% 0.00% 8.16% 43.88% 5.97%
Lafayette 2,075 72 5,938 30,864 4,570 4,285 0 20,578 68,382 33,745 34,637 102.64% 0.00% 6.27% 45.13% 6.68%
Lafourche 899 23 3,118 12,064 2,133 2,277 2 8,414 28,930 18,371 10,559 57.48% 0.01% 7.87% 41.70% 7.37%
LaSalle 225 4 476 2,049 378 403 0 1,366 4,901 2,892 2,009 69.47% 0.00% 8.22% 41.81% 7.71%
Lincoln 546 34 1,451 5,932 846 776 1 4,442 14,028 8,628 5,400 62.59% 0.01% 5.53% 42.29% 6.03%
Livingston 821 15 2,616 17,802 2,858 2,561 7 10,460 37,140 18,394 18,746 101.91% 0.02% 6.90% 47.93% 7.70%
Madison 215 8 629 2,491 365 363 0 1,835 5,906 4,617 1,289 27.92% 0.00% 6.15% 42.18% 6.18%
Morehouse 621 16 1,590 5,267 802 1,116 1 4,030 13,443 9,111 4,332 47.55% 0.01% 8.30% 39.18% 5.97%
Natchitoches 684 16 1,854 6,326 843 1,106 0 3,985 14,814 9,409 5,405 57.44% 0.00% 7.47% 42.70% 5.69%
Orleans 6,054 112 18,349 56,678 9,766 12,664 2 53,294 156,919 134,249 22,670 16.89% 0.00% 8.07% 36.12% 6.22%
Ouachita 1,901 76 6,791 26,627 3,893 3,804 10 18,541 61,643 34,559 27,084 78.37% 0.02% 6.17% 43.20% 6.32%
Plaquemines 240 2 521 3,059 472 406 0 1,918 6,618 5,389 1,229 22.81% 0.00% 6.13% 46.22% 7.13%
Pointe_Coupee 437 8 841 3,112 467 659 0 2,042 7,566 5,441 2,125 39.06% 0.00% 8.71% 41.13% 6.17%
Rapides 1,938 46 7,022 21,768 3,143 3,767 1 12,668 50,353 32,556 17,797 54.67% 0.00% 7.48% 43.23% 6.24%
Red_River 193 9 383 1,617 230 295 0 1,082 3,809 2,500 1,309 52.36% 0.00% 7.74% 42.45% 6.04%
Richland 439 12 1,006 3,762 534 758 3 2,894 9,408 6,228 3,180 51.06% 0.03% 8.06% 39.99% 5.68%
Sabine 345 13 935 3,661 617 704 0 2,353 8,628 4,984 3,644 73.11% 0.00% 8.16% 42.43% 7.15%
St_Bernard 339 6 1,655 8,385 1,365 1,250 0 5,419 18,419 12,214 6,205 50.80% 0.00% 6.79% 45.52% 7.41%
St_Charles 360 5 1,140 6,445 944 903 1 3,781 13,579 8,358 5,221 62.47% 0.01% 6.65% 47.46% 6.95%
St_Helena 159 4 367 1,384 223 305 0 927 3,369 2,746 623 22.69% 0.00% 9.05% 41.08% 6.62%
St_James 234 10 660 2,978 530 599 0 2,004 7,015 4,770 2,245 47.06% 0.00% 8.54% 42.45% 7.56%
St_John 418 10 1,736 7,856 1,285 1,238 0 4,962 17,505 10,601 6,904 65.13% 0.00% 7.07% 44.88% 7.34%
St_Landry 1,981 51 4,825 17,664 2,571 3,074 0 10,810 40,976 26,207 14,769 56.36% 0.00% 7.50% 43.11% 6.27%
St_Martin 699 18 1,550 8,293 1,223 1,475 0 5,193 18,451 11,755 6,696 56.96% 0.00% 7.99% 44.95% 6.63%
St_Mary 657 21 2,215 9,483 1,674 1,636 0 6,785 22,471 14,856 7,615 51.26% 0.00% 7.28% 42.20% 7.45%
St_Tammany 1,618 20 4,933 27,705 3,860 4,289 7 17,696 60,128 28,894 31,234 108.10% 0.01% 7.13% 46.08% 6.42%
Tangipahoa 1,766 51 5,336 23,912 3,755 4,036 2 15,023 53,881 29,280 24,601 84.02% 0.00% 7.49% 44.38% 6.97%
Tensas 128 4 314 829 136 209 0 676 2,296 2,044 252 12.33% 0.00% 9.10% 36.11% 5.92%
Terrebonne 1,137 34 4,660 18,456 3,184 3,370 4 11,769 42,614 23,648 18,966 80.20% 0.01% 7.91% 43.31% 7.47%
Union 331 9 882 3,804 594 768 0 2,613 9,001 4,963 4,038 81.36% 0.00% 8.53% 42.26% 6.60%
Vermilion 778 10 1,828 9,204 1,371 1,572 1 5,961 20,725 11,153 9,572 85.82% 0.00% 7.59% 44.41% 6.62%
Vernon 333 15 1,190 5,844 971 926 0 3,506 12,785 7,787 4,998 64.18% 0.00% 7.24% 45.71% 7.59%
West_Feliciana 239 5 331 1,249 188 213 0 1,020 3,245 1,780 1,465 82.30% 0.00% 6.56% 38.49% 5.79%
Washington 907 19 2,622 8,530 1,340 2,087 0 5,897 21,402 13,204 8,198 62.09% 0.00% 9.75% 39.86% 6.26%
West_Baton_Rouge 232 11 738 3,564 532 577 0 2,199 7,853 4,151 3,702 89.18% 0.00% 7.35% 45.38% 6.77%
Webster 674 28 1,861 6,367 1,071 1,343 1 4,678 16,023 9,721 6,302 64.83% 0.01% 8.38% 39.74% 6.68%
West_Carroll 238 3 429 1,936 343 509 1 1,464 4,923 3,612 1,311 36.30% 0.02% 10.34% 39.33% 6.97%
Winn 267 7 563 2,195 356 471 0 1,453 5,312 3,843 1,469 38.23% 0.00% 8.87% 41.32% 6.70%